117
594.000000  245.000000  481.000000  240.000000
558.000000  246.000000  450.000000  241.000000
338.000000  297.000000  244.000000  293.000000
161.000000  328.000000  50.400002  331.200012
480.000000  305.000000  380.000000  297.000000
558.000000  379.000000  450.000000  365.000000
367.000000  281.000000  273.000000  276.000000
475.000000  303.000000  376.000000  296.000000
446.000000  270.000000  349.000000  264.000000
562.000000  376.000000  454.000000  362.000000
459.000000  264.000000  362.000000  259.000000
434.000000  395.000000  338.000000  386.000000
407.000000  382.000000  312.000000  375.000000
404.000000  387.000000  309.000000  380.000000
402.000000  384.000000  307.000000  377.000000
443.000000  283.000000  346.000000  277.000000
459.000000  251.000000  363.000000  246.000000
183.000000  251.000000  75.000000  248.000000
207.000000  248.000000  102.000008  244.800003
428.000000  396.000000  332.000000  388.000000
156.000000  322.000000  44.400002  325.200012
157.000000  344.000000  45.600002  349.200012
191.000000  248.000000  85.200005  244.800003
598.000000  224.000000  485.000000  220.000000
432.000000  384.000000  335.000000  375.000000
431.000000  193.000000  335.000000  190.000000
459.600006  250.800003  362.400024  246.000015
463.200012  268.800018  366.000000  263.000000
206.400009  248.400009  102.240005  244.800003
396.000031  272.400024  301.200012  267.600006
561.600037  375.600006  454.000000  362.000000
445.200012  254.400009  348.000000  248.400009
402.000031  384.000000  307.200012  376.800018
550.800049  256.800018  444.000031  249.600006
430.800018  384.000000  334.800018  375.600006
597.600037  224.400009  485.000000  220.000000
555.600037  254.400009  447.600006  248.400009
472.800018  272.400024  374.400024  266.400024
163.200012  322.800018  53.280003  325.440002
553.200012  390.000031  446.000000  375.000000
601.200012  196.800003  488.400024  195.600006
433.200012  394.800018  338.000000  386.000000
598.800049  201.600006  486.000031  199.200012
429.600006  193.200012  335.000000  190.000000
160.800003  327.600006  48.960003  329.760010
336.000000  297.600006  242.400009  294.000000
364.320007  272.160004  270.720001  267.839996
555.840027  381.600006  448.800018  369.600006
446.400024  269.279999  349.920013  263.520020
444.960022  253.440002  347.040009  247.680008
457.920013  263.520020  361.440002  257.760010
479.520020  303.840027  380.160004  296.640015
459.360016  250.560013  362.400024  246.000015
180.000000  249.120010  72.576004  245.376022
555.840027  253.440002  447.600006  248.400009
557.280029  246.240005  450.000031  241.200012
475.200012  302.400024  375.600006  295.200012
432.000031  394.560028  336.960022  385.920013
561.600037  375.840027  453.600006  362.400024
429.120026  192.960007  334.080017  190.080002
403.200012  384.480011  308.160004  377.280029
550.080017  341.279999  442.800018  331.200012
370.080017  211.680008  276.480042  207.360016
341.279999  290.880005  247.680008  286.559998
188.640015  239.040009  81.216011  236.736023
498.240021  192.960007  397.440002  191.520004
432.000031  247.680008  335.520020  241.920013
396.000031  270.720001  302.400024  266.400024
430.560028  383.040009  334.080017  374.400024
584.640015  205.920013  472.800018  204.000015
179.712021  248.832031  72.576012  244.684830
428.544037  193.536011  333.504028  190.080017
478.656036  304.128021  380.160004  296.640015
433.728027  393.984039  336.960022  385.344025
551.232056  255.744019  444.096039  248.832031
457.920044  262.656036  361.152039  257.472015
561.600037  376.704041  454.464050  364.608032
426.816040  383.616028  331.776031  374.976044
432.000031  247.104019  335.232025  241.920029
369.792023  212.544022  276.480042  207.360016
584.064026  205.632019  473.472046  203.904022
430.272034  383.616028  331.776031  374.976044
397.440033  279.936035  302.400024  274.752014
559.872070  246.758438  449.280029  241.920029
433.382446  391.910461  335.923248  383.616058
447.897675  267.494446  350.438446  263.347229
429.235260  192.844833  333.504028  190.080017
481.075256  302.745636  380.160034  295.488037
433.382446  246.758438  335.923248  240.537628
427.161652  381.542450  331.776062  373.248047
460.339264  261.273651  362.880066  255.052841
443.750458  250.905640  346.291260  246.758438
460.339264  252.979233  361.152039  248.832031
431.308868  383.616058  331.776062  373.248047
371.174438  211.507233  277.862427  207.360031
396.057648  269.568024  300.672028  265.420837
413.061218  393.154663  316.016724  385.689697
559.872131  246.343735  452.044861  240.537628
447.897705  268.738617  350.853210  263.761993
427.991150  194.089005  333.434967  191.600693
559.872131  380.713043  452.874359  365.783112
405.596252  385.689697  311.040070  378.224731
365.783112  268.738617  271.226959  263.761993
502.640747  320.993347  400.619629  313.528381
370.759766  211.507248  278.691895  209.018936
409.079926  385.192047  313.528412  379.220062
447.897705  268.738647  352.346191  262.766663
367.276123  268.738647  271.724609  262.766663
364.290161  277.696594  271.724609  271.724609
426.995819  194.089020  331.444305  194.089020
432.967804  244.850754  335.923279  241.367096
370.262115  212.004913  277.696594  209.018936
501.645447  322.486359  400.121948  313.528412
440.731354  250.822723  343.985474  247.239548
426.398651  193.491821  333.235901  193.491821
501.645447  311.736816  400.121948  304.570435
433.565002  243.656372  336.819092  236.490005
