254
607.000000  374.000000  463.000000  357.000000
488.000000  93.000000  368.000000  87.000000
275.000000  347.000000  144.000000  332.400024
431.000000  262.000000  309.000000  249.000000
281.000000  347.000000  152.000000  333.000000
530.000000  384.000000  395.000000  366.000000
556.000000  368.000000  419.000000  352.000000
273.000000  366.000000  144.000000  352.000000
592.000000  320.000000  453.000000  306.000000
219.000000  323.000000  86.400002  307.200012
425.000000  351.000000  299.000000  337.000000
221.000000  323.000000  87.000000  308.000000
384.000000  174.000000  263.520020  159.840012
352.000000  355.000000  227.000000  340.000000
479.000000  326.000000  352.000000  312.000000
320.000000  357.000000  193.200012  342.000000
323.000000  335.000000  196.800003  320.400024
291.000000  360.000000  162.000000  346.000000
509.000000  333.000000  378.000000  319.000000
220.000000  336.000000  87.000000  321.000000
276.000000  366.000000  146.000000  353.000000
376.000000  360.000000  251.000000  345.000000
281.000000  362.000000  152.000000  349.000000
326.000000  390.000000  199.000000  376.000000
229.000000  334.000000  96.000000  319.200012
320.000000  402.000000  191.000000  388.000000
377.000000  363.000000  251.000000  348.000000
434.000000  361.000000  307.000000  346.000000
547.000000  238.000000  417.000000  230.000000
289.000000  333.000000  163.000000  319.000000
323.000000  400.000000  195.000000  386.000000
225.000000  333.000000  91.000000  318.000000
228.000000  213.000000  99.600006  192.000000
334.000000  213.000000  213.000000  197.000000
302.000000  237.000000  179.000000  220.000000
507.000000  332.000000  376.000000  317.000000
541.000000  217.000000  413.000000  209.000000
318.000000  401.000000  191.000000  388.000000
286.000000  331.000000  158.400009  315.600006
217.000000  237.000000  86.000000  217.000000
383.000000  363.000000  256.000000  349.000000
446.000000  399.000000  317.000000  382.000000
322.000000  384.000000  195.000000  370.000000
458.000000  401.000000  329.000000  386.000000
266.000000  372.000000  135.000000  359.000000
231.000000  335.000000  96.000000  319.200012
596.000000  292.000000  458.000000  281.000000
535.200012  328.800018  403.000000  315.000000
555.600037  368.400024  419.000000  352.000000
487.200012  92.400002  368.000000  87.000000
508.800018  333.600006  378.000000  319.200012
273.600006  366.000000  142.560013  351.360016
564.000000  363.600006  426.000031  348.000000
382.800018  363.600006  256.800018  349.200012
282.000000  360.000000  152.639999  345.600006
271.200012  333.600006  141.600006  319.200012
280.800018  362.400024  151.200012  348.480011
571.200012  361.200012  434.000000  346.000000
433.200012  361.200012  307.200012  345.600006
382.800018  174.000000  263.520020  159.840012
290.400024  361.200012  162.000000  346.800018
247.200012  361.200012  115.200005  347.040009
375.600006  360.000000  250.800003  344.400024
457.200012  402.000031  328.800018  385.200012
322.800018  399.600006  194.400009  386.400024
220.800003  322.800018  86.400002  307.200012
591.600037  325.200012  452.000000  312.000000
478.800018  326.400024  351.600006  312.000000
430.800018  261.600006  308.400024  248.400009
543.600037  328.800018  411.000000  314.000000
285.600006  331.200012  158.400009  315.360016
225.600006  332.400024  92.400002  318.000000
290.400024  333.600006  163.200012  319.200012
351.600006  354.000000  226.800003  339.600006
433.200012  351.600006  307.000000  338.000000
423.600006  351.600006  298.800018  337.200012
322.800018  334.800018  198.000000  320.000000
326.400024  390.000031  199.200012  376.800018
219.600006  336.000000  84.960007  321.120026
354.000000  351.600006  229.200012  337.200012
546.000000  238.800003  417.000000  230.000000
228.000015  213.600006  99.360001  191.520004
333.600006  213.600006  213.000000  197.000000
322.800018  350.400024  196.800003  336.000000
528.000000  382.800018  395.000000  366.000000
273.600006  346.800018  144.000000  332.400024
543.600037  388.800018  408.000000  371.000000
541.200012  217.200012  413.000000  209.000000
217.200012  237.600006  85.200005  217.200012
595.200012  297.600006  458.000000  286.000000
268.800018  342.000000  139.680008  326.880005
584.400024  297.600006  448.000000  287.000000
265.200012  372.000000  135.000000  359.000000
595.200012  291.600006  458.000000  281.000000
319.200012  356.400024  193.200012  342.000000
381.600006  364.320007  256.800018  349.200012
544.320007  388.800018  407.520020  371.520020
544.320007  328.320007  410.400024  313.920013
285.120026  331.200012  157.248016  316.224030
325.440002  336.960022  197.280014  319.680023
571.679993  361.440002  433.440002  345.600006
375.840027  358.560028  250.560013  344.160004
272.160004  365.760010  142.560013  351.360016
270.720001  332.640015  141.696014  319.680023
250.560013  355.680023  118.080002  342.720001
508.320007  332.640015  378.720001  318.240021
381.600006  174.240005  263.520020  159.840012
554.400024  367.200012  418.800018  351.600006
322.559998  334.080017  197.280014  319.680023
423.360016  351.360016  298.080017  335.520020
352.800018  351.360016  228.960007  336.960022
450.720032  300.960022  325.440002  286.559998
218.880005  335.520020  84.960007  321.120026
541.440002  217.440002  413.280029  208.800003
279.360016  347.040009  151.200012  332.640015
273.600006  345.600006  144.000000  331.200012
434.880005  364.320007  308.160004  349.920013
269.279999  341.279999  139.680008  326.880005
332.640015  213.120010  211.680008  197.280014
571.679993  364.320007  432.000031  349.200012
290.880005  332.640015  162.720001  318.240021
499.680023  263.520020  372.960022  252.000015
228.960007  213.120010  99.360001  191.520004
432.000031  351.360016  305.279999  336.960022
430.560028  262.080017  308.160004  249.120010
280.800018  361.440002  151.200012  348.480011
527.040039  383.040009  394.800018  366.000000
273.600006  331.200012  141.600006  319.200012
456.480011  400.320007  328.800018  385.200012
455.040009  326.880005  329.760010  312.480011
217.440002  237.600006  86.400002  216.000015
486.720032  92.160004  366.336029  86.400009
300.960022  236.160004  177.120010  218.880005
505.440033  331.200012  375.600006  318.000000
241.920013  171.360001  265.000000  160.000000
326.880005  390.240021  198.720001  375.840027
534.240051  329.760010  403.000000  315.000000
554.688049  366.336029  419.040009  351.360016
269.568024  336.960022  139.680008  326.880005
561.600037  364.608032  424.800018  347.040009
381.888031  364.608032  255.744019  350.784027
269.568024  342.144043  141.004822  325.555237
376.704041  359.424042  250.560028  345.600037
271.296021  333.504028  141.696014  319.680023
380.160034  174.528015  263.520020  159.840012
542.592041  390.528046  407.520020  371.520020
433.728027  357.696045  307.584015  342.144043
319.680023  399.168030  193.536011  385.344025
273.024017  345.600037  143.424011  331.776031
423.360046  350.784027  297.216034  335.232025
279.936035  349.056030  150.336014  333.504028
571.968079  361.152039  433.440002  345.600006
321.408020  335.232025  196.992020  321.408020
271.296021  368.064026  141.696014  354.240021
331.776031  214.272018  210.816025  196.992020
511.488037  338.688019  380.160034  323.136017
544.320068  328.320038  411.264038  314.496033
542.592041  217.728027  412.992035  209.088013
485.568054  93.312012  363.294800  87.091217
217.728027  335.232025  84.672005  321.408020
449.280029  298.944031  326.592041  286.848022
281.664032  359.424042  152.064011  345.600037
430.272034  262.656036  307.584015  248.832031
285.120026  331.776031  157.248016  316.224030
326.592041  390.528046  198.720016  376.704041
584.064026  295.488037  447.840027  285.120026
228.096024  212.544022  116.453407  149.299240
527.040039  383.616028  394.560028  365.760010
241.920029  172.800018  265.000000  160.000000
547.776062  333.504028  413.280029  318.240021
350.784027  292.032013  230.169632  275.788849
279.936035  348.364838  151.372818  333.849640
487.296082  93.312012  363.294800  87.091217
543.283264  389.836853  407.808044  371.520050
534.988892  385.689667  399.168030  369.792023
242.611237  172.108826  213.000000  197.000000
381.542450  174.182419  212.400009  196.800003
528.768066  381.542450  393.984039  366.336029
240.537628  371.174438  103.680016  356.659241
557.798462  364.953644  418.176025  350.784027
381.542450  364.953644  257.126434  348.364838
561.945679  362.880066  425.088074  346.291260
331.776062  213.580826  209.433624  196.992035
377.395264  358.732849  252.979233  344.217651
543.283264  215.654434  414.720062  209.433624
433.382446  356.659241  307.584015  342.144043
248.832031  356.659241  118.195213  342.144043
423.014465  348.364838  296.524841  333.849640
273.715240  344.217651  145.152023  329.702454
269.568024  340.070435  141.004822  325.555237
269.568024  335.923248  141.004822  321.408051
319.334442  333.849640  194.918427  319.334442
545.356873  327.628845  412.646454  313.113647
236.390427  360.806458  101.606415  348.364838
352.512054  290.304047  230.169632  275.788849
449.971252  298.598450  325.555237  286.156830
570.240051  364.953644  431.308868  348.364838
429.235260  261.273651  306.892853  248.832031
315.187256  402.278442  186.624023  387.763245
271.226959  343.388245  143.327271  325.472351
276.203583  89.579544  262.656036  160.704010
243.855423  171.694122  116.951065  149.299240
378.224731  174.182434  261.273651  159.252518
542.453918  390.666321  408.499268  371.174438
544.942200  216.483887  414.720062  209.433624
534.988953  385.689697  400.204865  369.100861
554.895508  365.783112  420.526184  348.364868
380.713043  365.783112  256.297028  350.853210
231.413818  363.294800  94.556183  350.853210
430.479462  358.318176  306.063446  340.899933
527.523987  383.201385  393.984070  364.953644
278.691895  360.806488  149.299240  348.364868
248.832062  358.318176  116.951065  343.388245
241.367096  358.318176  109.486107  345.876556
427.991150  263.761993  304.570435  250.822723
278.691895  348.364868  149.299240  335.923279
437.944427  293.621826  313.528381  281.180237
318.505035  333.434967  194.089005  323.481689
271.226959  333.434967  141.834274  318.505035
353.341522  291.133514  228.925491  276.203583
455.362671  325.970001  330.946625  311.040070
447.897705  301.086792  323.481689  286.156860
480.743561  92.565529  363.294800  87.091217
277.696594  361.304169  149.299240  346.374237
244.850754  170.201141  116.453407  149.299240
376.234070  173.187119  259.780670  161.243179
379.220062  358.318176  253.808716  343.388245
277.696594  349.360229  149.299240  334.430298
271.724609  340.402283  143.327271  325.472351
447.897705  301.584473  323.481689  286.156860
379.220062  367.276123  256.794678  352.346191
534.491272  385.192047  400.619629  368.271454
426.995819  262.766663  304.570435  250.822723
232.906815  358.318176  101.523483  346.374237
456.855682  325.472351  331.444305  310.542419
429.981812  355.332184  304.570435  340.402283
435.953796  295.612488  313.528412  280.682556
352.346191  292.626526  229.920837  277.696594
319.500366  337.416290  194.089020  322.486359
229.920837  364.290161  95.551514  352.346191
318.903198  336.819092  193.491821  322.486359
376.234100  175.575912  257.989105  161.243179
379.817291  358.318176  254.405914  343.985474
279.488190  351.151825  150.493637  336.819092
272.321808  336.819092  143.327271  326.069550
447.897736  300.987274  322.486359  286.654541
437.148193  293.820923  315.320007  279.488190
354.735016  290.237732  232.906815  275.904999
419.232269  347.568634  293.820923  333.235901
429.981812  265.155457  304.570465  250.822723
265.155457  361.901367  132.577728  347.568634
247.239548  171.992737  118.245003  146.910461
429.981812  354.735016  304.570465  340.402283
519.561340  340.402283  386.983643  326.069550
